4 5 1
Layer_0
Neuron_0_Weights -11,444845372208219 -3,0363533572873886 164,4364173170404 -0,33877936171227113
Neuron_0_Biases 114,38271193236854
Neuron_1_Weights 9,413123209791898 -30,737637469785763 14,41912704136258 -9,724403914926672
Neuron_1_Biases 11,749423282077075
Neuron_2_Weights 8,506623899794773 4,672597392467687 315,4713431787701 0,08339525909045341
Neuron_2_Biases 184,12854095625397
Neuron_3_Weights 1,5128380925802392 4,954305874415564 -4,13675856553288 -17,27984137225684
Neuron_3_Biases 0,7642060836533463
Neuron_4_Weights -18,30301406692491 9,088951964036356 -60,420852407912214 1,4667601532290517
Neuron_4_Biases -25,029600732155625
Layer_1
Neuron_0_Weights -30,620693001031988 -9,725226349515435 -43,690304730795454 9,859170258434547 9,710117783135795
Neuron_0_Biases 22,32285305325915
